$ANSIBLE_VAULT;1.1;AES256
39343135633531366231376538396334303139313234386131313066633664333832306664633463
3134623164623933643965323866393737643962383634300a343133333033383762386436663065
30653464303136386430316135303032343135333833643530376332663361643736383636636535
3862393734326563350a343338653835303132316332316438633231633836363931663738613234
30373539313032643737626365363234613535663661306435393431303662313339666534303231
38663936623063353265623831653239633530336164643233626464623934396166376138376464
30333330343039363030393337633138343361393631636665666637333336613830653133336166
62326364616566366463633336356439653262353938396362313332313862373938613039613238
31363033396564656365313163363639633264666537636335376361663331623161316339346431
33626134616634386236373564366666303333653263313831653231313730353838343461373666
61333866366663313338326237653463666335303061353338626664376139633735636162626332
39303135336166323839323432366338636661306134393764356330393664623636343833613230
66616434333333663364643536373537326664323866373739323534383537616366613335346530
61636233326635393566386433646239336461393039336337626231383061633338386262316338
31363364346133633264656562363032326130326432326231663535343534346234653634663234
38336166643163373965373933303064353331313132616330383434653234383532616163393063
6364
